ALGO = Fast
EDIFF = 0.0001
ENCUT = 520
IBRION = 2
ICHARG = 1
ISIF = 3
ISMEAR = -5
ISPIN = 2
LORBIT = 11
LREAL = Auto
LWAVE = .FALSE.
MAGMOM = 0.6000000000000001 0.6000000000000001
NELM = 100
NSW = 99
PREC = Accurate
SIGMA = 0.05
